{"nbformat":4,"nbformat_minor":0,"metadata":{"colab":{"name":"4. 예측 평점 실습.ipynb","provenance":[],"collapsed_sections":[],"authorship_tag":"ABX9TyN31uyd+nE7cZuzUF4pCz0n"},"kernelspec":{"name":"python3","display_name":"Python 3"},"language_info":{"name":"python"}},"cells":[{"cell_type":"markdown","metadata":{"id":"VMFQCHJR8HFr"},"source":["###3.3.2 예측점수 구하기"]},{"cell_type":"code","metadata":{"colab":{"base_uri":"https://localhost:8080/"},"id":"H4m7NJx7uJri","executionInfo":{"status":"ok","timestamp":1623293992276,"user_tz":-540,"elapsed":326,"user":{"displayName":"조윤기","photoUrl":"","userId":"16540728680765353779"}},"outputId":"4c5f5d3c-4952-40c8-963e-ab5681d5c64f"},"source":["print('사용자 평점\\n', df_ratings_movies.values)\n","print('영화별 유사도\\n', movies_similarity)\n","print('영화별 유사도\\n', item_based_collab.values)\n","print('내적\\n', df_ratings_movies.values.dot(item_based_collab.values))"],"execution_count":null,"outputs":[{"output_type":"stream","text":["사용자 평점\n"," [[4. 0. 4. 0. 5.]\n"," [3. 3. 4. 5. 5.]\n"," [3. 5. 0. 3. 0.]]\n","영화별 유사도\n"," [[1.         0.70588235 0.84887469 0.70588235 0.84887469]\n"," [0.70588235 1.         0.36380344 0.88235294 0.36380344]\n"," [0.84887469 0.36380344 1.         0.60633906 1.        ]\n"," [0.70588235 0.88235294 0.60633906 1.         0.60633906]\n"," [0.84887469 0.36380344 1.         0.60633906 1.        ]]\n","영화별 유사도\n"," [[1.         0.70588235 0.84887469 0.70588235 0.84887469]\n"," [0.70588235 1.         0.36380344 0.88235294 0.36380344]\n"," [0.84887469 0.36380344 1.         0.60633906 1.        ]\n"," [0.70588235 0.88235294 0.60633906 1.         0.60633906]\n"," [0.84887469 0.36380344 1.         0.60633906 1.        ]]\n","내적\n"," [[11.63987219  6.09776035 12.39549875  8.28058098 12.39549875]\n"," [16.28693101 12.8036427  15.66972969 15.22175745 15.66972969]\n"," [ 8.64705882  9.76470588  6.18465844  9.52941176  6.18465844]]\n"],"name":"stdout"}]},{"cell_type":"markdown","metadata":{"id":"QHfkd4ROA3el"},"source":[">사용자 평점은 df_ratings_movies에 있다. 배열로 값을 추출하기 위해 values 값을 사용했다. 영화별 유사도는 movies_similarity이며 movies_similarity을 DataFrame로 변환시킨  item_based_collab.values를 이용할 수도 있다. 이 두 가지를 이용하여 간단하게 내적을 구할 수 있다."]},{"cell_type":"code","metadata":{"colab":{"base_uri":"https://localhost:8080/"},"id":"zRPb0A5xoAcD","executionInfo":{"status":"ok","timestamp":1623293999239,"user_tz":-540,"elapsed":321,"user":{"displayName":"조윤기","photoUrl":"","userId":"16540728680765353779"}},"outputId":"483b705e-d725-451a-e41e-247a616b553d"},"source":["import numpy as np\n","\n","print(np.abs(movies_similarity))\n","print(np.abs(movies_similarity).sum(axis=1))\n","print(np.array([np.abs(movies_similarity).sum(axis=1)]))\n"],"execution_count":null,"outputs":[{"output_type":"stream","text":["[[1.         0.70588235 0.84887469 0.70588235 0.84887469]\n"," [0.70588235 1.         0.36380344 0.88235294 0.36380344]\n"," [0.84887469 0.36380344 1.         0.60633906 1.        ]\n"," [0.70588235 0.88235294 0.60633906 1.         0.60633906]\n"," [0.84887469 0.36380344 1.         0.60633906 1.        ]]\n","[4.10951408 3.31584217 3.81901719 3.80091342 3.81901719]\n","[[4.10951408 3.31584217 3.81901719 3.80091342 3.81901719]]\n"],"name":"stdout"}]},{"cell_type":"markdown","metadata":{"id":"oGjBsOeeB4Et"},"source":[">유사도의 절대값을 표현하기 위해 abs()함수를 이용했다. 절대값의 합을 구하기 위해 sum()함수를 이용했으며 열에 따른 합을 구하기 위해 axis옵션을 추가했다. 마지막으로 이전에 구한 내적이 2차원 배월로 되어 있어 형식을 맞추기 위해 2차원 배열로 값을 출력했다."]},{"cell_type":"code","metadata":{"colab":{"base_uri":"https://localhost:8080/"},"id":"8nZbh_ENlDaZ","executionInfo":{"status":"ok","timestamp":1623294239842,"user_tz":-540,"elapsed":323,"user":{"displayName":"조윤기","photoUrl":"","userId":"16540728680765353779"}},"outputId":"e283ab6c-a9d4-456d-caf1-69fe5573b74b"},"source":["def predict_rating(ratings_arr, item_sim_arr):\n","  return ratings_arr.dot(item_sim_arr)/np.array([np.abs(item_sim_arr).sum(axis=1)])\n","\n","ratings_pred = predict_rating(df_ratings_movies.values, movies_similarity)  \n","ratings_pred"],"execution_count":null,"outputs":[{"output_type":"execute_result","data":{"text/plain":["array([[2.83242056, 1.83897786, 3.24573002, 2.17857658, 3.24573002],\n","       [3.9632255 , 3.86135469, 4.10307912, 4.004763  , 4.10307912],\n","       [2.10415603, 2.9448645 , 1.61943718, 2.50713729, 1.61943718]])"]},"metadata":{"tags":[]},"execution_count":22}]},{"cell_type":"markdown","metadata":{"id":"VIrpB7CRDMjE"},"source":[">지금까지 내용을 간단하게 함수화 하여 결과를 출력해 보았다. "]},{"cell_type":"code","metadata":{"colab":{"base_uri":"https://localhost:8080/","height":170},"id":"QSprRyo_l3GB","executionInfo":{"status":"ok","timestamp":1623121750052,"user_tz":-540,"elapsed":294,"user":{"displayName":"조윤기","photoUrl":"","userId":"16540728680765353779"}},"outputId":"4fe17a86-8221-4d9e-ddb0-267e0fbe72ca"},"source":["ratings_pred_matrix = pd.DataFrame(data=ratings_pred, index=df_ratings_movies.index, columns = df_ratings_movies.columns)\n","ratings_pred_matrix"],"execution_count":null,"outputs":[{"output_type":"execute_result","data":{"text/html":["<div>\n","<style scoped>\n","    .dataframe tbody tr th:only-of-type {\n","        vertical-align: middle;\n","    }\n","\n","    .dataframe tbody tr th {\n","        vertical-align: top;\n","    }\n","\n","    .dataframe thead th {\n","        text-align: right;\n","    }\n","</style>\n","<table border=\"1\" class=\"dataframe\">\n","  <thead>\n","    <tr style=\"text-align: right;\">\n","      <th>movieName</th>\n","      <th>7번방의 선물</th>\n","      <th>국가대표</th>\n","      <th>국제시장</th>\n","      <th>명랑</th>\n","      <th>연평대전</th>\n","    </tr>\n","    <tr>\n","      <th>userID</th>\n","      <th></th>\n","      <th></th>\n","      <th></th>\n","      <th></th>\n","      <th></th>\n","    </tr>\n","  </thead>\n","  <tbody>\n","    <tr>\n","      <th>user1</th>\n","      <td>2.832421</td>\n","      <td>1.838978</td>\n","      <td>3.245730</td>\n","      <td>2.178577</td>\n","      <td>3.245730</td>\n","    </tr>\n","    <tr>\n","      <th>user2</th>\n","      <td>3.963226</td>\n","      <td>3.861355</td>\n","      <td>4.103079</td>\n","      <td>4.004763</td>\n","      <td>4.103079</td>\n","    </tr>\n","    <tr>\n","      <th>user3</th>\n","      <td>2.104156</td>\n","      <td>2.944864</td>\n","      <td>1.619437</td>\n","      <td>2.507137</td>\n","      <td>1.619437</td>\n","    </tr>\n","  </tbody>\n","</table>\n","</div>"],"text/plain":["movieName   7번방의 선물      국가대표      국제시장        명랑      연평대전\n","userID                                                     \n","user1      2.832421  1.838978  3.245730  2.178577  3.245730\n","user2      3.963226  3.861355  4.103079  4.004763  4.103079\n","user3      2.104156  2.944864  1.619437  2.507137  1.619437"]},"metadata":{"tags":[]},"execution_count":60}]},{"cell_type":"markdown","metadata":{"id":"eRe1JkUDk6N8"},"source":["> 좀 더 보기 편하게 하기 위해 dataframe으로 만들었다. 위의 내용이 예측 점수가 된다."]}]}